     1        0   129600   0.000
     2    12510   129600   0.010
     3    25019   129600   0.020
     4    37528   129600   0.030
     5    50037   129600   0.040
     6    62546   129600   0.050
     7    75055   129600   0.060
     8    87564   129600   0.070
     9   100073   129600   0.080
    10   112582   130864   0.090
    11   125091   130864   0.100
    12   137600   130864   0.110
    13   150109   130864   0.120
    14   162618   130864   0.130
    15   175127   130864   0.140
    16   187636   130864   0.150
    17   200145   130864   0.160
    18   212654   130864   0.170
    19   225163   132950   0.180
    20   237672   132950   0.190
    21   250181   132950   0.200
    22   262690   132950   0.210
    23   275199   132950   0.220
    24   287708   132950   0.230
    25   300217   132950   0.240
    26   312726   132950   0.250
    27   325235   132950   0.260
    28   337744   135322   0.270
    29   350253   135322   0.280
    30   362762   135322   0.290
    31   375271   135322   0.300
    32   387780   135322   0.310
    33   400289   135322   0.320
    34   412798   135322   0.330
    35   425307   135322   0.340
    36   437816   137761   0.350
    37   450325   137761   0.360
    38   462834   137761   0.370
    39   475343   137761   0.380
    40   487852   137761   0.390
    41   500361   137761   0.400
    42   512870   137761   0.410
    43   525379   137761   0.420
    44   537888   140143   0.430
    45   550397   140143   0.440
    46   562906   140143   0.450
    47   575415   140143   0.460
    48   587924   140143   0.470
    49   600433   142113   0.480
    50   612942   142113   0.490
    51   625451   142113   0.500
    52   637960   142113   0.510
    53   650469   142113   0.520
    54   662978   142113   0.530
    55   675487   142113   0.540
    56   687996   142113   0.550
    57   700505   142113   0.560
    58   713014   144687   0.570
    59   725523   144687   0.580
    60   738032   144687   0.590
    61   750541   144687   0.600
    62   763050   144687   0.610
    63   775559   144687   0.620
    64   788068   144687   0.630
    65   800577   144687   0.640
    66   813086   147573   0.650
    67   825595   147573   0.660
    68   838104   147573   0.670
    69   850613   147573   0.680
    70   863122   147573   0.690
    71   875631   147573   0.700
    72   888140   147573   0.710
    73   900649   147573   0.720
    74   913158   147573   0.730
    75   925667   150720   0.740
    76   938176   150720   0.750
    77   950685   150720   0.760
    78   963194   150720   0.770
    79   975703   150720   0.780
    80   988212   150720   0.790
    81  1000721   150720   0.800
    82  1013230   150720   0.810
    83  1025739   150720   0.820
    84  1038248   153783   0.830
    85  1050757   153783   0.840
    86  1063266   153783   0.850
    87  1075775   153783   0.860
    88  1088284   153783   0.870
    89  1100793   153783   0.880
    90  1113302   153783   0.890
    91  1125811   153783   0.900
    92  1138320   153783   0.910
    93  1150829   156930   0.920
    94  1163338   156930   0.930
    95  1175847   156930   0.940
    96  1188356   156930   0.950
    97  1200865   156930   0.960
    98  1213374   156930   0.970
    99  1225883   156930   0.980
   100  1238392   156930   0.990
   101  1250901   160182   1.000
   102  1263410   160182   1.010
   103  1275919   160182   1.020
   104  1288428   160182   1.030
   105  1300937   160182   1.040
   106  1313446   160182   1.050
   107  1325955   160182   1.060
   108  1338464   160182   1.070
   109  1350973   160182   1.080
   110  1363482   163147   1.090
   111  1375991   163147   1.100
   112  1388500   163147   1.110
   113  1401009   163147   1.120
   114  1413518   163147   1.130
   115  1426027   163147   1.140
   116  1438536   163147   1.150
   117  1451045   166042   1.160
   118  1463554   166042   1.170
   119  1476063   166042   1.180
   120  1488572   166042   1.190
   121  1501081   166042   1.200
   122  1513590   166042   1.210
   123  1526099   166042   1.220
   124  1538608   166042   1.230
   125  1551117   166042   1.240
   126  1563626   169264   1.250
   127  1576135   169264   1.260
   128  1588644   169264   1.270
   129  1601153   169264   1.280
   130  1613662   169264   1.290
   131  1626171   169264   1.300
   132  1638680   169264   1.310
   133  1651189   169264   1.320
   134  1663698   172565   1.330
   135  1676207   172565   1.340
   136  1688716   172565   1.350
   137  1701225   172565   1.360
   138  1713734   172565   1.370
   139  1726243   172565   1.380
   140  1738752   172565   1.390
   141  1751261   172565   1.400
   142  1763770   172565   1.410
   143  1776279   175758   1.420
   144  1788788   175758   1.430
   145  1801297   175758   1.440
   146  1813806   175758   1.450
   147  1826315   175758   1.460
   148  1838824   175758   1.470
   149  1851333   175758   1.480
   150  1863842   175758   1.490
   151  1876351   175758   1.500
   152  1888860   178863   1.510
   153  1901369   178863   1.520
   154  1913878   178863   1.530
   155  1926387   178863   1.540
   156  1938896   178863   1.550
   157  1951405   178863   1.560
   158  1963914   178863   1.570
   159  1976423   178863   1.580
   160  1988932   178863   1.590
   161  2001441   182179   1.600
   162  2013950   182179   1.610
   163  2026459   182179   1.620
   164  2038968   182179   1.630
   165  2051477   182179   1.640
   166  2063986   182179   1.650
   167  2076495   182179   1.660
   168  2089004   182179   1.670
   169  2101513   185406   1.680
   170  2114022   185406   1.690
   171  2126531   185406   1.700
   172  2139040   185406   1.710
   173  2151549   185406   1.720
   174  2164058   185406   1.730
   175  2176567   185406   1.740
   176  2189076   185406   1.750
   177  2201585   188414   1.760
   178  2214094   188414   1.770
   179  2226603   188414   1.780
   180  2239112   188414   1.790
   181  2251621   188414   1.800
   182  2264130   188414   1.810
   183  2276639   188414   1.820
   184  2289148   188414   1.830
   185  2301657   188414   1.840
   186  2314166   191514   1.850
   187  2326675   191514   1.860
   188  2339184   191514   1.870
   189  2351693   191514   1.880
   190  2364202   191514   1.890
   191  2376711   191514   1.900
   192  2389220   191514   1.910
   193  2401729   191514   1.920
   194  2414238   194837   1.930
   195  2426747   194837   1.940
   196  2439256   194837   1.950
   197  2451765   194837   1.960
   198  2464274   194837   1.970
   199  2476783   194837   1.980
   200  2489292   194837   1.990
   201  2501801   194837   2.000
   202  2514310   194837   2.010
   203  2526819   198127   2.020
   204  2539328   198127   2.030
   205  2551837   198127   2.040
   206  2564346   198127   2.050
   207  2576855   198127   2.060
   208  2589364   198127   2.070
   209  2601873   198127   2.080
   210  2614382   198127   2.090
   211  2626891   198127   2.100
   212  2639400   201443   2.110
   213  2651909   201443   2.120
   214  2664418   201443   2.130
   215  2676927   201443   2.140
   216  2689436   201443   2.150
   217  2701945   201443   2.160
   218  2714454   201443   2.170
   219  2726963   201443   2.180
   220  2739472   201443   2.190
   221  2751981   204429   2.200
   222  2764490   204429   2.210
   223  2776999   204429   2.220
   224  2789508   204429   2.230
   225  2802017   204429   2.240
   226  2814526   204429   2.250
   227  2827035   204429   2.260
   228  2839544   204429   2.270
   229  2852053   208010   2.280
   230  2864562   208010   2.290
   231  2877071   208010   2.300
   232  2889580   208010   2.310
   233  2902089   208010   2.320
   234  2914598   208010   2.330
   235  2927107   208010   2.340
   236  2939616   208010   2.350
   237  2952125   208010   2.360
   238  2964634   211182   2.370
   239  2977143   211182   2.380
   240  2989652   211182   2.390
   241  3002161   211182   2.400
   242  3014670   211182   2.410
   243  3027179   211182   2.420
   244  3039688   211182   2.430
   245  3052197   211182   2.440
   246  3064706   211182   2.450
   247  3077215   214713   2.460
   248  3089724   214713   2.470
   249  3102233   214713   2.480
   250  3114742   214713   2.490
   251  3127251   214713   2.500
   252  3139760   214713   2.510
   253  3152269   214713   2.520
   254  3164778   214713   2.530
   255  3177287   214713   2.540
   256  3189796   218212   2.550
   257  3202305   218212   2.560
   258  3214814   218212   2.570
   259  3227323   218212   2.580
   260  3239832   218212   2.590
   261  3252341   218212   2.600
   262  3264850   218212   2.610
   263  3277359   218212   2.620
   264  3289868   221332   2.630
   265  3302377   221332   2.640
   266  3314886   221332   2.650
   267  3327395   221332   2.660
   268  3339904   221332   2.670
   269  3352413   221332   2.680
   270  3364922   221332   2.690
   271  3377431   221332   2.700
   272  3389940   221332   2.710
   273  3402449   224787   2.720
   274  3414958   224787   2.730
   275  3427467   224787   2.740
   276  3439976   224787   2.750
   277  3452485   224787   2.760
   278  3464994   224787   2.770
   279  3477503   224787   2.780
   280  3490012   224787   2.790
   281  3502521   224787   2.800
   282  3515030   228212   2.810
   283  3527539   228212   2.820
   284  3540048   228212   2.830
   285  3552557   228212   2.840
   286  3565066   228212   2.850
   287  3577575   228212   2.860
   288  3590084   228212   2.870
   289  3602593   228212   2.880
   290  3615102   231533   2.890
   291  3627611   231533   2.900
   292  3640120   231533   2.910
   293  3652629   231533   2.920
   294  3665138   231533   2.930
   295  3677647   231533   2.940
   296  3690156   231533   2.950
   297  3702665   231533   2.960
   298  3715174   231533   2.970
   299  3727683   235138   2.980
   300  3740192   235138   2.990
   301  3752701   235138   3.000
   302  3765210   235138   3.010
   303  3777719   235138   3.020
   304  3790228   235138   3.030
   305  3802737   235138   3.040
   306  3815246   235138   3.050
   307  3827755   235138   3.060
   308  3840264   238312   3.070
   309  3852773   238312   3.080
   310  3865282   238312   3.090
   311  3877791   238312   3.100
   312  3890300   238312   3.110
   313  3902809   238312   3.120
   314  3915318   238312   3.130
   315  3927827   238312   3.140
   316  3940336   238312   3.150
   317  3952845   241723   3.160
   318  3965354   241723   3.170
   319  3977863   241723   3.180
   320  3990372   241723   3.190
   321  4002881   241723   3.200
   322  4015390   241723   3.210
   323  4027899   241723   3.220
   324  4040408   241723   3.230
   325  4052917   245095   3.240
   326  4065426   245095   3.250
   327  4077935   245095   3.260
   328  4090444   245095   3.270
   329  4102953   245095   3.280
   330  4115462   245095   3.290
   331  4127971   245095   3.300
   332  4140480   245095   3.310
   333  4152989   245095   3.320
   334  4165498   248560   3.330
   335  4178007   248560   3.340
   336  4190516   248560   3.350
   337  4203025   248560   3.360
   338  4215534   248560   3.370
   339  4228043   248560   3.380
   340  4240552   248560   3.390
   341  4253061   248560   3.400
   342  4265570   248560   3.410
   343  4278079   252009   3.420
   344  4290588   252009   3.430
   345  4303097   252009   3.440
   346  4315606   252009   3.450
   347  4328115   252009   3.460
   348  4340624   252009   3.470
   349  4353133   252009   3.480
   350  4365642   252009   3.490
   351  4378151   252009   3.500
